Instance: J
Zone: 1
Target q: 68
Selected turbines: 68
Objective value: 604.329640304083
PDSP upper bound U1: 642.2491683640351
PDSP upper bound U2: 642.2491683640351
U2 iterations used: 200
U2 best iteration: 1
Cable upper bound: 1.58953637803888e8
Initial lower bound L1: 6.5451497919248e7

Gap U1 - z: 37.919528059952086
Gap U2 - z: 37.919528059952086
Improvement U1 - U2: 0.0

Local indices within zone:
3
11
17
24
32
42
253
397
451
855
1008
1062
1330
1427
1513
1551
1658
1781
2178
2179
2434
2931
3149
3212
3425
3511
3651
3892
4077
4371
4421
4901
4987
5132
5149
5972
6081
6125
6311
6415
6456
6514
6630
6748
7372
7813
8125
8291
8320
8341
8703
8878
9572
9720
9721
10189
10241
10325
10498
10582
10804
10834
11378
11560
12073
12141
12265
12436

Global indices in full instance:
3
11
17
24
32
42
253
397
451
855
1008
1062
1330
1427
1513
1551
1658
1781
2178
2179
2434
2931
3149
3212
3425
3511
3651
3892
4077
4371
4421
4901
4987
5132
5149
5972
6081
6125
6311
6415
6456
6514
6630
6748
7372
7813
8125
8291
8320
8341
8703
8878
9572
9720
9721
10189
10241
10325
10498
10582
10804
10834
11378
11560
12073
12141
12265
12436
