Instance: G
Zone: 1
Target q: 70
Selected turbines: 70
Objective value: 625.91013745166
PDSP upper bound U1: 663.7166867411497
PDSP upper bound U2: 663.7166867411497
U2 iterations used: 200
U2 best iteration: 1
Cable upper bound: 1.6364402533539203e8
Initial lower bound L1: 6.738283396163201e7

Gap U1 - z: 37.80654928948968
Gap U2 - z: 37.80654928948968
Improvement U1 - U2: 0.0

Local indices within zone:
1
39
73
116
314
498
606
622
723
989
1183
1372
1373
1466
1722
1944
2120
2324
2469
2609
3038
3345
3525
4074
4347
4399
4501
4628
4640
5123
5330
5554
5709
5832
6478
6929
6989
7286
7440
7515
7696
7867
7979
8250
8684
9337
9355
9371
9733
9834
9998
10491
10505
10672
10813
11374
11544
11876
11965
12533
12546
12603
12760
13416
13540
13653
14127
14548
14571
14602

Global indices in full instance:
1
39
73
116
314
498
606
622
723
989
1183
1372
1373
1466
1722
1944
2120
2324
2469
2609
3038
3345
3525
4074
4347
4399
4501
4628
4640
5123
5330
5554
5709
5832
6478
6929
6989
7286
7440
7515
7696
7867
7979
8250
8684
9337
9355
9371
9733
9834
9998
10491
10505
10672
10813
11374
11544
11876
11965
12533
12546
12603
12760
13416
13540
13653
14127
14548
14571
14602
