Instance: I
Zone: 1
Target q: 156
Selected turbines: 156
Objective value: 1374.55569641381
PDSP upper bound U1: 1480.7939071740275
PDSP upper bound U2: 1480.7939071740275
U2 iterations used: 200
U2 best iteration: 1
Cable upper bound: 5.047584318646081e8
Initial lower bound L1: 2.0784170723836803e8

Gap U1 - z: 106.2382107602175
Gap U2 - z: 106.2382107602175
Improvement U1 - U2: 0.0

Local indices within zone:
2
6
14
20
26
33
60
147
343
396
509
592
610
756
1001
1104
1169
1207
1255
1497
1694
1844
1999
2317
2378
2402
2518
2651
2728
2767
2787
3055
3224
3254
3389
3515
3539
3636
3673
4091
4113
4133
4417
4524
4650
4658
4853
5072
5092
5319
5421
5491
5533
5727
6064
6308
6524
6670
6683
6845
6927
7075
7352
7376
7389
7467
7521
7618
8084
8133
8134
8533
9115
9217
9234
9275
9518
9656
9795
9818
10131
10140
10206
10437
10551
10623
10631
10659
10980
11404
11531
11726
11869
12068
12089
12253
12633
12692
12753
12835
12843
12934
13128
13476
13620
13759
13846
13847
14135
14236
14626
14759
14774
14945
15046
15106
15303
15409
15616
15792
15847
16101
16302
16378
16394
16478
16745
16803
16947
17089
17222
17293
17699
17897
17907
17955
18087
18181
18208
18286
18426
18517
18828
19152
19219
19300
19310
19544
19575
19690
19934
20071
20111
20146
20200
20205

Global indices in full instance:
2
6
14
20
26
33
60
147
343
396
509
592
610
756
1001
1104
1169
1207
1255
1497
1694
1844
1999
2317
2378
2402
2518
2651
2728
2767
2787
3055
3224
3254
3389
3515
3539
3636
3673
4091
4113
4133
4417
4524
4650
4658
4853
5072
5092
5319
5421
5491
5533
5727
6064
6308
6524
6670
6683
6845
6927
7075
7352
7376
7389
7467
7521
7618
8084
8133
8134
8533
9115
9217
9234
9275
9518
9656
9795
9818
10131
10140
10206
10437
10551
10623
10631
10659
10980
11404
11531
11726
11869
12068
12089
12253
12633
12692
12753
12835
12843
12934
13128
13476
13620
13759
13846
13847
14135
14236
14626
14759
14774
14945
15046
15106
15303
15409
15616
15792
15847
16101
16302
16378
16394
16478
16745
16803
16947
17089
17222
17293
17699
17897
17907
17955
18087
18181
18208
18286
18426
18517
18828
19152
19219
19300
19310
19544
19575
19690
19934
20071
20111
20146
20200
20205
