Instance: H
Zone: 1
Target q: 79
Selected turbines: 79
Objective value: 706.687018671752
PDSP upper bound U1: 751.1862885097548
PDSP upper bound U2: 751.1862885097548
U2 iterations used: 200
U2 best iteration: 1
Cable upper bound: 1.96450911917856e8
Initial lower bound L1: 8.0891551966176e7

Gap U1 - z: 44.499269838002874
Gap U2 - z: 44.499269838002874
Improvement U1 - U2: 0.0

Local indices within zone:
5
19
27
28
37
46
85
95
164
180
265
278
287
400
415
561
571
732
745
755
933
944
952
1160
1168
1176
1411
2830
2856
3633
3752
4052
4139
4463
4511
4679
5056
5779
6025
6549
6627
6930
7204
7448
7915
8097
8619
9055
9224
9330
9471
10357
10382
10780
11131
11667
11731
12007
12391
12863
13222
13239
13334
14080
14224
14648
14686
14864
15140
15652
15967
16142
16213
16217
16279
16337
16375
16398
16415

Global indices in full instance:
5
19
27
28
37
46
85
95
164
180
265
278
287
400
415
561
571
732
745
755
933
944
952
1160
1168
1176
1411
2830
2856
3633
3752
4052
4139
4463
4511
4679
5056
5779
6025
6549
6627
6930
7204
7448
7915
8097
8619
9055
9224
9330
9471
10357
10382
10780
11131
11667
11731
12007
12391
12863
13222
13239
13334
14080
14224
14648
14686
14864
15140
15652
15967
16142
16213
16217
16279
16337
16375
16398
16415
