Instance: D
Zone: 1
Target q: 85
Selected turbines: 85
Objective value: 757.5010262994962
PDSP upper bound U1: 806.1314296357449
PDSP upper bound U2: 806.1314296357449
U2 iterations used: 200
U2 best iteration: 1
Cable upper bound: 2.8336322882323194e8
Initial lower bound L1: 1.1667897657427198e8

Gap U1 - z: 48.63040333624872
Gap U2 - z: 48.63040333624872
Improvement U1 - U2: 0.0

Local indices within zone:
1
8
31
38
76
124
140
205
206
310
367
393
467
706
720
779
800
824
1335
1345
1371
1479
1784
1813
2098
2135
2509
2771
2861
2873
3192
3276
3375
3461
4028
4215
4236
4274
4573
4697
5076
5077
5196
5319
5330
5845
6066
6236
6237
6378
6456
6626
6851
6949
6961
7195
7404
7440
7570
7899
7975
8313
8378
8411
8673
8679
8723
8786
8828
8951
9297
9298
9623
9637
9638
9707
9715
9963
10041
10179
10210
10377
10378
10391
10398

Global indices in full instance:
1
8
31
38
76
124
140
205
206
310
367
393
467
706
720
779
800
824
1335
1345
1371
1479
1784
1813
2098
2135
2509
2771
2861
2873
3192
3276
3375
3461
4028
4215
4236
4274
4573
4697
5076
5077
5196
5319
5330
5845
6066
6236
6237
6378
6456
6626
6851
6949
6961
7195
7404
7440
7570
7899
7975
8313
8378
8411
8673
8679
8723
8786
8828
8951
9297
9298
9623
9637
9638
9707
9715
9963
10041
10179
10210
10377
10378
10391
10398
