Instance: F
Zone: 1
Target q: 66
Selected turbines: 66
Objective value: 599.7864224125701
PDSP upper bound U1: 628.03838676619
PDSP upper bound U2: 628.03838676619
U2 iterations used: 200
U2 best iteration: 1
Cable upper bound: 1.7009341804231998e8
Initial lower bound L1: 7.003846625272e7

Gap U1 - z: 28.251964353619883
Gap U2 - z: 28.251964353619883
Improvement U1 - U2: 0.0

Local indices within zone:
1
44
93
132
244
366
380
402
633
679
966
1040
1267
1331
1556
1583
1747
1986
2086
2231
2379
2562
2765
2920
3016
3299
3695
4103
4227
4271
4309
4367
5067
5178
5377
5678
5925
5976
5978
6416
6438
6473
6583
6878
7289
7373
7392
7506
7881
7882
8209
8269
8395
8535
8630
8742
8980
9054
9104
9325
9326
9463
9552
9566
9635
9648

Global indices in full instance:
1
44
93
132
244
366
380
402
633
679
966
1040
1267
1331
1556
1583
1747
1986
2086
2231
2379
2562
2765
2920
3016
3299
3695
4103
4227
4271
4309
4367
5067
5178
5377
5678
5925
5976
5978
6416
6438
6473
6583
6878
7289
7373
7392
7506
7881
7882
8209
8269
8395
8535
8630
8742
8980
9054
9104
9325
9326
9463
9552
9566
9635
9648
