107886.87765470076 105199.99167528177 0.0 3 3
108920.51451859556 106202.5857275271 0.0 3 3
109954.15138249037 107205.17977977243 0.0 3 3
110987.78824638517 108207.77383201776 0.0 3 3
112021.42511027998 109210.36788426309 0.0 3 3
113055.06197417478 110212.96193650842 0.0 3 3
114088.69883806958 111215.55598875375 0.0 3 3
115122.33570196439 112218.15004099908 0.0 3 3
116155.97256585919 113220.74409324442 0.0 3 3
117189.609429754 114223.33814548975 0.0 3 3
108889.47170694609 104166.35481138696 0.0 3 3
109923.1085708409 105168.9488636323 0.0 3 3
110956.7454347357 106171.54291587762 0.0 3 3
111990.3822986305 107174.13696812296 0.0 3 3
113024.0191625253 108176.73102036829 0.0 3 3
114057.65602642011 109179.32507261362 0.0 3 3
115091.29289031491 110181.91912485895 0.0 3 3
116124.92975420972 111184.51317710428 0.0 3 3
117158.56661810452 112187.10722934961 0.0 3 3
118192.20348199933 113189.70128159494 0.0 3 3
109892.06575919142 103132.71794749216 0.0 3 3
110925.70262308622 104135.31199973749 0.0 3 3
111959.33948698103 105137.90605198282 0.0 3 3
112992.97635087583 106140.50010422815 0.0 3 3
114026.61321477064 107143.09415647348 0.0 3 3
115060.25007866544 108145.68820871881 0.0 3 3
116093.88694256025 109148.28226096414 0.0 3 3
117127.52380645505 110150.87631320948 0.0 3 3
118161.16067034985 111153.4703654548 0.0 3 3
119194.79753424466 112156.06441770014 0.0 3 3
110894.65981143675 102099.08108359735 0.0 3 3
111928.29667533156 103101.67513584268 0.0 3 3
112961.93353922636 104104.26918808802 0.0 3 3
113995.57040312116 105106.86324033335 0.0 3 3
115029.20726701597 106109.45729257868 0.0 3 3
116062.84413091077 107112.05134482401 0.0 3 3
117096.48099480558 108114.64539706934 0.0 3 3
118130.11785870038 109117.23944931467 0.0 3 3
119163.75472259519 110119.83350156 0.0 3 3
120197.39158648999 111122.42755380533 0.0 3 3
