105850.64673856062 105231.03448693124 
117726.13092535641 116749.86690197431 
118104.21046270913 120433.75415353717 
111923.73229164237 121361.9850084828 
111987.3284224398 121785.42977555083 
118147.97453879844 120860.17744825104 
118933.7419470631 128516.44617484749 
111160.29240368042 134067.6267950367 
110323.25676408078 132497.30071093084 
109977.38695702898 132681.6607353164 
110838.6034677674 134297.35149792486 
108343.4282234907 136079.20759446255 
104408.68795326036 139075.96030449396 
0 1 
1 2 
2 3 
3 4 
4 5 
5 6 
6 7 
7 8 
8 9 
9 10 
10 11 
11 12 
12 0 
125805.28265668948 110980.43904435288 
134483.52128172928 115642.0523053091 
135134.1413409919 119834.62988352397 
133043.79617239514 119150.22013680307 
132857.14240105066 119720.30379065507 
135237.33612715782 120499.61421732746 
135506.00261322476 122230.89358608637 
134137.82987689204 122692.98066589405 
134304.6601749769 123186.94095047792 
135587.1481350456 122753.79307329895 
136878.3562000427 131074.3019556297 
133905.72078296632 125679.979564283 
134247.57163539442 125140.64479833587 
133778.65574567879 124843.42810336233 
133600.02689224455 125125.24910855823 
127755.83394336853 114520.02631454404 
130930.84930578558 115295.2624207489 
131064.55306002825 114747.67250545006 
127386.37268398315 113849.57976977472 
13 14 
14 15 
15 16 
16 17 
17 18 
18 19 
19 20 
20 21 
21 22 
22 23 
23 24 
24 25 
25 26 
26 27 
27 28 
28 29 
29 30 
30 31 
31 13 

106343.68340635694 126719.93390381862 
105717.79968570478 126869.92883367129 
105418.89369571884 126184.56727667799 
105920.29045144551 125735.504763115 
106499.2543034646 126114.98307529092 
33 32 
34 33 
35 34 
36 35 
32 36 
109267.66654543373 113832.86873838122 
109307.63091983824 113519.56382913195 
109473.13085087184 113295.77308848 
109690.7205529615 113217.84334917218 
110004.94917836296 113263.838384758 
110220.05319885221 113306.53876875213 
110311.67757327149 113621.29928575909 
110188.46288426624 113902.45193391878 
109996.95496780204 114112.91194275158 
109755.85524992608 114155.46442093902 
109439.5062255789 114040.16695795831 
38 37 
39 38 
40 39 
41 40 
42 41 
43 42 
44 43 
45 44 
46 45 
47 46 
37 47 
111398.70699491346 112232.47881996637 
111661.42440194676 111903.29376442294 
112042.32057854795 111962.70324996281 
112291.64948874048 112269.41570154905 
112377.43238424802 112673.40608678412 
112207.48745856146 112902.42159475984 
111821.34527370341 113107.45192748548 
111413.19466918695 112974.22974444448 
111272.63240989861 112638.68862923096 
49 48 
50 49 
51 50 
52 51 
53 52 
54 53 
55 54 
56 55 
48 56 
116233.1309166896 118072.21387420114 
116418.21725318585 117606.12004375621 
116910.90570069876 117625.38305697458 
117047.59485701629 118201.9302504478 
116530.2027122563 118419.01225437757 
58 57 
59 58 
60 59 
61 60 
57 61 
130229.46818181567 117273.34774058594 
130084.98552698862 117539.9804253131 
129844.18691746356 117441.64894974224 
129585.99605821367 117468.54433297881 
129496.26172917306 117357.41294013408 
129298.34717661765 117118.24718435691 
129345.31971258315 116857.94405314386 
129622.86854092118 116702.26394483728 
129860.79631412127 116621.90361553396 
130100.8901910836 116812.86468282242 
130304.60945555454 116985.4454924762 
63 62 
64 63 
65 64 
66 65 
67 66 
68 67 
69 68 
70 69 
71 70 
72 71 
62 72 
134782.72380967453 118912.74374804605 
134539.1848292336 118922.68679250989 
134304.2931524805 118891.56357907674 
134095.56512763829 118598.68677821773 
134096.50732283393 118296.00458284983 
134394.08416631672 118120.6008917863 
134636.2821279897 118182.06357787356 
134867.64217934967 118298.45438797491 
74 73 
75 74 
76 75 
77 76 
78 77 
79 78 
80 79 
73 80 
133067.61409295988 117402.37352985497 
132761.57737790098 116981.57570942961 
133007.65181855523 116541.6083965554 
133439.29467091346 116528.81808202554 
133737.16127137226 116777.69704690641 
133817.52958253116 117171.04291681109 
133481.81999036227 117457.32858418369 
82 81 
83 82 
84 83 
85 84 
86 85 
87 86 
81 87 
