132044.5142192099 131865.97586935488 0.0 2 2
130993.36856122928 132850.19779844835 0.0 2 2
129942.22290324865 133834.41972754183 0.0 2 2
128891.07724526802 134818.6416566353 0.0 2 2
127839.9315872874 135802.86358572877 0.0 2 2
126788.78592930677 136787.08551482228 0.0 2 2
133028.73614830337 132917.1215273355 0.0 2 2
131977.59049032273 133901.34345642896 0.0 2 2
130926.44483234212 134885.56538552247 0.0 2 2
129875.2991743615 135869.78731461594 0.0 2 2
128824.15351638087 136854.0092437094 0.0 2 2
127773.00785840026 137838.2311728029 0.0 2 2
134012.95807739685 133968.26718531613 0.0 2 2
132961.81241941624 134952.4891144096 0.0 2 2
131910.6667614356 135936.71104350308 0.0 2 2
130859.52110345497 136920.93297259655 0.0 2 2
129808.37544547436 137905.15490169002 0.0 2 2
128757.22978749374 138889.3768307835 0.0 2 2
134997.18000649032 135019.41284329674 0.0 2 2
133946.0343485097 136003.6347723902 0.0 2 2
132894.88869052907 136987.8567014837 0.0 2 2
131843.74303254846 137972.07863057716 0.0 2 2
130792.59737456783 138956.30055967066 0.0 2 2
129741.45171658721 139940.52248876414 0.0 2 2
135981.4019355838 136070.55850127738 0.0 2 2
134930.25627760318 137054.78043037085 0.0 2 2
133879.11061962254 138039.00235946433 0.0 2 2
132827.96496164193 139023.2242885578 0.0 2 2
131776.81930366132 140007.44621765128 0.0 2 2
130725.67364568068 140991.66814674475 0.0 2 2
136965.62386467727 137121.704159258 0.0 2 2
135914.47820669666 138105.92608835147 0.0 2 2
134863.33254871602 139090.14801744494 0.0 2 2
133812.1868907354 140074.3699465384 0.0 2 2
132761.0412327548 141058.5918756319 0.0 2 2
131709.89557477416 142042.81380472536 0.0 2 2
