100605.51510260548 122570.66997849112 
111018.33788241693 102170.58345645701 
120431.35171142995 114514.15530628445 
116816.38168959199 123333.19032114705 
117231.49562609094 123503.34776281293 
120746.70496717606 114927.68763940196 
132111.43794809704 129830.60828228078 
124551.40282226508 136909.31549956155 
100286.27917132765 130291.45260525105 
0 1 
1 2 
2 3 
3 4 
4 5 
5 6 
6 7 
7 8 
8 0 

109272.25491376364 109923.54333640289 
109344.90892351625 109588.03688049644 
109658.25136878258 109283.87519976388 
110039.7964700765 109458.26811413316 
110224.50106551622 109753.40307072553 
110114.70673095032 110103.16691024559 
109827.60052998592 110299.05872781471 
109470.79020936122 110212.72544023416 
10 9 
11 10 
12 11 
13 12 
14 13 
15 14 
16 15 
9 16 
124219.57212710465 131085.1915202196 
124475.82001190342 130498.75066305541 
125160.55316961306 130534.88060120553 
125280.20440073733 131141.37284765343 
124736.4624405157 131646.8763136591 
18 17 
19 18 
20 19 
21 20 
17 21 
126851.79885579794 123766.13146807782 
126963.54975469806 123478.82828936155 
127316.40202732464 123546.0733375957 
127447.03793930527 123961.29506681018 
127258.49305054848 124149.20138154253 
127016.11231050124 124097.7460627255 
23 22 
24 23 
25 24 
26 25 
27 26 
22 27 
123141.79587679367 125780.05225551245 
123052.26255280024 126164.49102470765 
122774.87077704577 126422.41817222362 
122415.88699184272 126492.73464423543 
122046.36467964694 126319.64683299411 
121783.35317461961 125960.91994717317 
121908.03990475646 125590.67895285718 
122202.75461050816 125174.98043259195 
122615.94240918785 125214.28624078861 
122981.62043224709 125403.58620389966 
29 28 
30 29 
31 30 
32 31 
33 32 
34 33 
35 34 
36 35 
37 36 
28 37 
